commit,d_named,d_left,left_tokens,subject
7b1951f,-3,1,+0.2523,[act.research.eroticization-operator.rho.D8+] 一份记录不是一次修复:账本点
63e03b7,1,2,"2.4×, 27×",[memory.research.eroticization-operator.sigma.D8+] README 拆成
ca771fe,1,-1,,[fix.research.eroticization-operator.rho.D8+] 我重抽的是一个已被取代的轮次
37d193a,0,1,36%,"[fix.research.eroticization-operator.rho.D8+] 方向立住,量级撤回:#148"
9439552,0,1,+0.661,[act.research.eroticization-operator.Omega.D8+] #130a 得救而且是普
